1.000000000000000000e+00 0.000000000000000000e+00 0.000000000000000000e+00 -0.000000000000000000e+00 0.000000000000000000e+00 1.000000000000000000e+00 0.000000000000000000e+00 -0.000000000000000000e+00 0.000000000000000000e+00 0.000000000000000000e+00 1.000000000000000000e+00 -0.000000000000000000e+00
1.000000000000000000e+00 0.000000000000000000e+00 0.000000000000000000e+00 -0.000000000000000000e+00 0.000000000000000000e+00 1.000000000000000000e+00 0.000000000000000000e+00 -0.000000000000000000e+00 0.000000000000000000e+00 0.000000000000000000e+00 1.000000000000000000e+00 -0.000000000000000000e+00
1.000000000000000000e+00 0.000000000000000000e+00 0.000000000000000000e+00 -0.000000000000000000e+00 0.000000000000000000e+00 1.000000000000000000e+00 0.000000000000000000e+00 -0.000000000000000000e+00 0.000000000000000000e+00 0.000000000000000000e+00 1.000000000000000000e+00 -0.000000000000000000e+00
1.000000000000000000e+00 0.000000000000000000e+00 0.000000000000000000e+00 -0.000000000000000000e+00 0.000000000000000000e+00 1.000000000000000000e+00 0.000000000000000000e+00 -0.000000000000000000e+00 0.000000000000000000e+00 0.000000000000000000e+00 1.000000000000000000e+00 -0.000000000000000000e+00
1.000000000000000000e+00 0.000000000000000000e+00 0.000000000000000000e+00 -0.000000000000000000e+00 0.000000000000000000e+00 1.000000000000000000e+00 0.000000000000000000e+00 -0.000000000000000000e+00 0.000000000000000000e+00 0.000000000000000000e+00 1.000000000000000000e+00 -0.000000000000000000e+00
1.000000000000000000e+00 0.000000000000000000e+00 0.000000000000000000e+00 -0.000000000000000000e+00 0.000000000000000000e+00 1.000000000000000000e+00 0.000000000000000000e+00 -0.000000000000000000e+00 0.000000000000000000e+00 0.000000000000000000e+00 1.000000000000000000e+00 -0.000000000000000000e+00
1.000000000000000000e+00 0.000000000000000000e+00 0.000000000000000000e+00 -0.000000000000000000e+00 0.000000000000000000e+00 1.000000000000000000e+00 0.000000000000000000e+00 -0.000000000000000000e+00 0.000000000000000000e+00 0.000000000000000000e+00 1.000000000000000000e+00 -0.000000000000000000e+00
1.000000000000000000e+00 0.000000000000000000e+00 0.000000000000000000e+00 -0.000000000000000000e+00 0.000000000000000000e+00 1.000000000000000000e+00 0.000000000000000000e+00 -0.000000000000000000e+00 0.000000000000000000e+00 0.000000000000000000e+00 1.000000000000000000e+00 -0.000000000000000000e+00
1.000000000000000000e+00 0.000000000000000000e+00 0.000000000000000000e+00 -0.000000000000000000e+00 0.000000000000000000e+00 1.000000000000000000e+00 0.000000000000000000e+00 -0.000000000000000000e+00 0.000000000000000000e+00 0.000000000000000000e+00 1.000000000000000000e+00 -0.000000000000000000e+00
1.000000000000000000e+00 0.000000000000000000e+00 0.000000000000000000e+00 -0.000000000000000000e+00 0.000000000000000000e+00 1.000000000000000000e+00 0.000000000000000000e+00 -0.000000000000000000e+00 0.000000000000000000e+00 0.000000000000000000e+00 1.000000000000000000e+00 -0.000000000000000000e+00
1.000000000000000000e+00 0.000000000000000000e+00 0.000000000000000000e+00 -0.000000000000000000e+00 0.000000000000000000e+00 1.000000000000000000e+00 0.000000000000000000e+00 -0.000000000000000000e+00 0.000000000000000000e+00 0.000000000000000000e+00 1.000000000000000000e+00 -0.000000000000000000e+00
1.000000000000000000e+00 0.000000000000000000e+00 0.000000000000000000e+00 -0.000000000000000000e+00 0.000000000000000000e+00 1.000000000000000000e+00 0.000000000000000000e+00 -0.000000000000000000e+00 0.000000000000000000e+00 0.000000000000000000e+00 1.000000000000000000e+00 -0.000000000000000000e+00
1.000000000000000000e+00 0.000000000000000000e+00 0.000000000000000000e+00 -0.000000000000000000e+00 0.000000000000000000e+00 1.000000000000000000e+00 0.000000000000000000e+00 -0.000000000000000000e+00 0.000000000000000000e+00 0.000000000000000000e+00 1.000000000000000000e+00 -0.000000000000000000e+00
1.000000000000000000e+00 0.000000000000000000e+00 0.000000000000000000e+00 -0.000000000000000000e+00 0.000000000000000000e+00 1.000000000000000000e+00 0.000000000000000000e+00 -0.000000000000000000e+00 0.000000000000000000e+00 0.000000000000000000e+00 1.000000000000000000e+00 -0.000000000000000000e+00
1.000000000000000000e+00 0.000000000000000000e+00 0.000000000000000000e+00 -0.000000000000000000e+00 0.000000000000000000e+00 1.000000000000000000e+00 0.000000000000000000e+00 -0.000000000000000000e+00 0.000000000000000000e+00 0.000000000000000000e+00 1.000000000000000000e+00 -0.000000000000000000e+00
1.000000000000000000e+00 0.000000000000000000e+00 0.000000000000000000e+00 -0.000000000000000000e+00 0.000000000000000000e+00 1.000000000000000000e+00 0.000000000000000000e+00 -0.000000000000000000e+00 0.000000000000000000e+00 0.000000000000000000e+00 1.000000000000000000e+00 -0.000000000000000000e+00
9.998653808769178974e-01 -4.367696992533170140e-03 -1.581592067624997336e-02 1.542633835924789310e-04 4.389678059441561205e-03 9.999894468107154433e-01 1.355357419230492078e-03 2.438840642571449280e-02 1.580983397732158360e-02 -1.424601762185655034e-03 9.998740018919527461e-01 1.632206588983535767e-01
9.998653808769178974e-01 -4.367696992533170140e-03 -1.581592067624997336e-02 1.542633835924789310e-04 4.389678059441561205e-03 9.999894468107154433e-01 1.355357419230492078e-03 2.438840642571449280e-02 1.580983397732158360e-02 -1.424601762185655034e-03 9.998740018919527461e-01 1.632206588983535767e-01
9.998653808769178974e-01 -4.367696992533170140e-03 -1.581592067624997336e-02 1.542633835924789310e-04 4.389678059441561205e-03 9.999894468107154433e-01 1.355357419230492078e-03 2.438840642571449280e-02 1.580983397732158360e-02 -1.424601762185655034e-03 9.998740018919527461e-01 1.632206588983535767e-01
9.998749049809896317e-01 5.905384723037614657e-03 -1.467313260792977789e-02 -1.499442005297169089e-04 -5.712838089442594421e-03 9.998974801552424907e-01 1.312983854281165458e-02 2.042157389223575592e-02 1.474916506859937776e-02 -1.304437083455551455e-02 9.998061344677326989e-01 1.722805500030517578e-01
9.998749049809896317e-01 5.905384723037614657e-03 -1.467313260792977789e-02 -1.499442005297169089e-04 -5.712838089442594421e-03 9.998974801552424907e-01 1.312983854281165458e-02 2.042157389223575592e-02 1.474916506859937776e-02 -1.304437083455551455e-02 9.998061344677326989e-01 1.722805500030517578e-01
9.998749049809896317e-01 5.905384723037614657e-03 -1.467313260792977789e-02 -1.499442005297169089e-04 -5.712838089442594421e-03 9.998974801552424907e-01 1.312983854281165458e-02 2.042157389223575592e-02 1.474916506859937776e-02 -1.304437083455551455e-02 9.998061344677326989e-01 1.722805500030517578e-01
9.998810200831335093e-01 3.154287432707081947e-03 -1.509954132761682534e-02 3.888225182890892029e-03 -2.900205214577915216e-03 9.998543348035962008e-01 1.681957146218678034e-02 1.951748132705688477e-02 1.515039561285042545e-02 -1.677377850247638996e-02 9.997445202988232138e-01 1.842648386955261230e-01
9.998810200831335093e-01 3.154287432707081947e-03 -1.509954132761682534e-02 3.888225182890892029e-03 -2.900205214577915216e-03 9.998543348035962008e-01 1.681957146218678034e-02 1.951748132705688477e-02 1.515039561285042545e-02 -1.677377850247638996e-02 9.997445202988232138e-01 1.842648386955261230e-01
9.998810200831335093e-01 3.154287432707081947e-03 -1.509954132761682534e-02 3.888225182890892029e-03 -2.900205214577915216e-03 9.998543348035962008e-01 1.681957146218678034e-02 1.951748132705688477e-02 1.515039561285042545e-02 -1.677377850247638996e-02 9.997445202988232138e-01 1.842648386955261230e-01
9.998810200831335093e-01 3.154287432707081947e-03 -1.509954132761682534e-02 3.888225182890892029e-03 -2.900205214577915216e-03 9.998543348035962008e-01 1.681957146218678034e-02 1.951748132705688477e-02 1.515039561285042545e-02 -1.677377850247638996e-02 9.997445202988232138e-01 1.842648386955261230e-01
9.998810200831335093e-01 3.154287432707081947e-03 -1.509954132761682534e-02 3.888225182890892029e-03 -2.900205214577915216e-03 9.998543348035962008e-01 1.681957146218678034e-02 1.951748132705688477e-02 1.515039561285042545e-02 -1.677377850247638996e-02 9.997445202988232138e-01 1.842648386955261230e-01
9.998810200831335093e-01 3.154287432707081947e-03 -1.509954132761682534e-02 3.888225182890892029e-03 -2.900205214577915216e-03 9.998543348035962008e-01 1.681957146218678034e-02 1.951748132705688477e-02 1.515039561285042545e-02 -1.677377850247638996e-02 9.997445202988232138e-01 1.842648386955261230e-01
9.999646121088726636e-01 4.565095815615183815e-03 -7.066429801966968467e-03 4.524878168012946844e-04 -4.390713180176360024e-03 9.996902009333528127e-01 2.449946521053576742e-02 1.752659119665622711e-02 7.176083034727216529e-03 -2.446757155965992997e-02 9.996748680317274482e-01 1.929147243499755859e-01
9.999646121088726636e-01 4.565095815615183815e-03 -7.066429801966968467e-03 4.524878168012946844e-04 -4.390713180176360024e-03 9.996902009333528127e-01 2.449946521053576742e-02 1.752659119665622711e-02 7.176083034727216529e-03 -2.446757155965992997e-02 9.996748680317274482e-01 1.929147243499755859e-01
9.999646121088726636e-01 4.565095815615183815e-03 -7.066429801966968467e-03 4.524878168012946844e-04 -4.390713180176360024e-03 9.996902009333528127e-01 2.449946521053576742e-02 1.752659119665622711e-02 7.176083034727216529e-03 -2.446757155965992997e-02 9.996748680317274482e-01 1.929147243499755859e-01
9.999646121088726636e-01 4.565095815615183815e-03 -7.066429801966968467e-03 4.524878168012946844e-04 -4.390713180176360024e-03 9.996902009333528127e-01 2.449946521053576742e-02 1.752659119665622711e-02 7.176083034727216529e-03 -2.446757155965992997e-02 9.996748680317274482e-01 1.929147243499755859e-01
9.999646121088726636e-01 4.565095815615183815e-03 -7.066429801966968467e-03 4.524878168012946844e-04 -4.390713180176360024e-03 9.996902009333528127e-01 2.449946521053576742e-02 1.752659119665622711e-02 7.176083034727216529e-03 -2.446757155965992997e-02 9.996748680317274482e-01 1.929147243499755859e-01
9.999264541440622267e-01 8.305828832414397303e-03 -8.837392731411016292e-03 3.205677028745412827e-03 -8.060821924291203602e-03 9.995918463117461350e-01 2.740737012154382743e-02 1.059509068727493286e-02 9.061426641949315783e-03 -2.733411777396630923e-02 9.995852822809725424e-01 2.306932359933853149e-01
9.985114249431927824e-01 7.237578307927011734e-03 -5.406063001992474776e-02 -6.740284617990255356e-03 -5.182367708734333597e-03 9.992619920779572951e-01 3.806066543458888618e-02 1.664130715653300285e-03 5.429619989323408030e-02 -3.772384721404838104e-02 9.978120233934471006e-01 2.352735847234725952e-01
9.889635952221365045e-01 7.902937180338867607e-03 -1.479477979195020221e-01 3.591951727867126465e-02 -1.310048439425358802e-03 9.990037635641408897e-01 4.460677255494542581e-02 -3.662636736407876015e-03 1.481529314539288822e-01 -4.392065537541409159e-02 9.879887068853578924e-01 2.508586049079895020e-01
9.757383578410725455e-01 1.627407597242256504e-03 -2.189337995425092165e-01 1.531258039176464081e-02 7.169456648975726723e-03 9.991985853574555376e-01 3.938001918509050764e-02 1.492995675653219223e-02 2.188224301322093390e-01 -3.999423163622570915e-02 9.749447192055876732e-01 2.110024392604827881e-01
9.525957059273806316e-01 7.781812183055394558e-03 -3.041395476551231880e-01 3.047990798950195312e-02 6.619491108402411964e-03 9.989060531598171755e-01 4.629124429243985928e-02 1.068094186484813690e-02 3.041670649267949056e-01 -4.611008956643020129e-02 9.515021052283566538e-01 2.274651527404785156e-01
9.377250710440377945e-01 1.878655465297464529e-03 -3.473732312500447117e-01 2.069644629955291748e-02 1.490176822542862295e-02 9.988473069383223546e-01 4.562888039188004591e-02 1.465665455907583237e-02 3.470585374820938096e-01 -4.796382048694199790e-02 9.366161665725648566e-01 2.332613468170166016e-01
9.201066897752336882e-01 7.574938569779622599e-04 -3.916670852061972519e-01 1.552046835422515869e-02 2.048541918616196209e-02 9.985363178241911664e-01 5.005566488293859695e-02 1.138386130332946777e-02 3.911317259333856877e-01 -5.408001654181020246e-02 9.187444284343760925e-01 2.583156228065490723e-01
8.993058133153776224e-01 3.609205530155937258e-03 -4.373054170400914042e-01 1.581370830535888672e-02 2.059554117451373526e-02 9.985068656113714747e-01 5.059508880003474318e-02 1.275737863034009933e-02 4.368350693578710864e-01 -5.450699920556610623e-02 8.978886953385192271e-01 2.233818769454956055e-01
8.773269413961761742e-01 4.216389851902061989e-03 -4.798746294158998116e-01 5.264298059046268463e-03 2.196307834696166472e-02 9.985608201245725901e-01 4.892761696287913076e-02 1.539445202797651291e-02 4.793903014141563390e-01 -5.346504062242701805e-02 8.759717052172899532e-01 2.422192394733428955e-01
8.486384843923087118e-01 4.645877277062311975e-03 -5.289528699540742007e-01 -1.039131730794906616e-02 2.607859067597217972e-02 9.983780159384288977e-01 5.060873836800541120e-02 1.614287681877613068e-02 5.283300388172911255e-01 -5.674286840804403792e-02 8.471408483647492327e-01 2.722005248069763184e-01
8.216621217136509392e-01 1.503591270827733806e-03 -5.699728914205586250e-01 -9.581632912158966064e-05 3.248390260222563247e-02 9.982476396586558165e-01 4.946156070780208247e-02 9.013459086418151855e-03 5.690484635009136483e-01 -5.915563480525555529e-02 8.201734310851800380e-01 2.621290385723114014e-01
7.906344420294334485e-01 2.294415741303554301e-03 -6.122841780849904714e-01 7.051497697830200195e-03 3.485582440255002856e-02 9.982026668869243835e-01 4.874943409979697051e-02 1.298884768038988113e-02 6.112955509260843412e-01 -5.988465142453371082e-02 7.891334348142505783e-01 2.374960035085678101e-01
7.662928438161936695e-01 3.643855801847388498e-04 -6.424913577156036171e-01 1.400738954544067383e-03 4.006905106788349880e-02 9.980261375438289617e-01 4.835597094326277851e-02 1.197793893516063690e-02 6.412407883647218698e-01 -6.279885351258639170e-02 7.647656865569314455e-01 2.441887259483337402e-01
7.469477992410066269e-01 4.218787508051657920e-03 -6.648693007208098527e-01 -7.065046578645706177e-03 3.634289210751931454e-02 9.982258266148902326e-01 4.716347392082391454e-02 1.549805141985416412e-02 6.638886799775080005e-01 -5.939192631141823608e-02 7.454692613962974335e-01 2.573789358139038086e-01
7.202482875027067522e-01 3.890990605853437284e-03 -6.937054595010216929e-01 -4.903938621282577515e-03 3.742456702293647797e-02 9.983101034054880918e-01 4.445603695415947798e-02 1.366657111793756485e-02 6.927061470295785561e-01 -5.798101094866334182e-02 7.188855237357383299e-01 2.524907886981964111e-01
7.025951416137803385e-01 7.420224947373557645e-03 -7.115511276376718097e-01 -1.847982406616210938e-03 3.882171315742424106e-02 9.980567038959774484e-01 4.874105452100787467e-02 1.228309143334627151e-02 7.105300426922387391e-01 -6.186886187758398187e-02 7.009417253679065540e-01 2.471934258937835693e-01
6.502200365471579868e-01 -6.888665610386784932e-03 -7.597147164289506094e-01 7.525198161602020264e-03 7.323122265135997844e-02 9.958710859876908073e-01 5.364669722065331520e-02 8.332865312695503235e-03 7.562083655326747866e-01 -9.051699497777079828e-02 6.480397993322591921e-01 2.515020072460174561e-01
6.271688281578068347e-01 -5.961406868750199206e-03 -7.788605283459346662e-01 6.413772702217102051e-03 7.452321518368014430e-02 9.958423132356358787e-01 5.238680719593911961e-02 8.516978472471237183e-03 7.753099711636954883e-01 -9.089856323200500021e-02 6.250055198288306801e-01 2.525869905948638916e-01
6.037798942076746389e-01 -3.501229906831451744e-03 -7.971433878165888887e-01 3.758296370506286621e-03 7.427107208114824832e-02 9.958876321601819459e-01 5.188094026039767603e-02 8.301924914121627808e-03 7.936835938851741767e-01 -9.052936263735418543e-02 6.015569692871891583e-01 2.545299530029296875e-01
5.742604859381977844e-01 -3.407925457667770885e-03 -8.186655485203344629e-01 7.704421877861022949e-04 7.288110944141742986e-02 9.962337061199993959e-01 4.697602236246425228e-02 8.757684379816055298e-03 8.154221226926658961e-01 -8.664172686694088243e-02 5.723460255727310653e-01 2.559526562690734863e-01
5.530551754025577749e-01 -4.793571880250889483e-03 -8.331308388417001387e-01 -1.346841454505920410e-03 7.901532388847554156e-02 9.957778494225035804e-01 4.672315475535842449e-02 7.631157524883747101e-03 8.293892641885626249e-01 -9.167058562113986064e-02 5.510988588090451890e-01 2.588990330696105957e-01
5.214026741778813312e-01 -6.566366454916136575e-03 -8.532854939536554939e-01 -4.741780459880828857e-03 7.667342276498266551e-02 9.962859751873031078e-01 3.918471496115213948e-02 9.236730635166168213e-03 8.498590692589308437e-01 -8.585533458477845326e-02 5.199696374998057369e-01 2.595275938510894775e-01
4.587374397391578151e-01 -8.283209009113966237e-03 -8.885332575824462786e-01 -6.337426602840423584e-03 7.875851809142875304e-02 9.963999302193999874e-01 3.137315551258552937e-02 9.932556189596652985e-03 8.850746054483795699e-01 -8.437160367852514220e-02 4.577383262117223905e-01 2.683066725730895996e-01
4.277970053539387196e-01 -8.690721452386210300e-03 -9.038330562503450460e-01 -8.106723427772521973e-03 8.332441594358647174e-02 9.960749794058135764e-01 2.986096296786637169e-02 9.442541748285293579e-03 9.000259795794022244e-01 -8.808579205720482030e-02 4.268420425869416945e-01 2.699055671691894531e-01
3.866258662482597308e-01 -8.055778062082699642e-03 -9.222014660515330808e-01 -1.287828385829925537e-02 8.525826352056407875e-02 9.959918058271324259e-01 2.704350618292174560e-02 8.610528893768787384e-03 9.182872470252653185e-01 -8.908101461603444571e-02 3.857630163529638390e-01 2.721508741378784180e-01
3.715899035149664575e-01 -7.932269003647220151e-03 -9.283630877594130082e-01 -1.708526909351348877e-02 7.957862624839989740e-02 9.965553690479315163e-01 2.333749485610103064e-02 1.022600848227739334e-02 9.249801002454892673e-01 -8.254983664547640987e-02 3.709411525021857337e-01 2.736265063285827637e-01
3.651401798774828733e-01 -7.426019933497965408e-03 -9.309229308954565241e-01 -1.991395652294158936e-02 7.538468542639555070e-02 9.969202063509661205e-01 2.161599806417506889e-02 1.092105917632579803e-02 9.278953595326377979e-01 -7.807020172315635997e-02 3.645754316471460088e-01 2.744300961494445801e-01
3.609599623253800793e-01 -9.244968490361125946e-03 -9.325354878800442560e-01 -2.285568416118621826e-02 8.413251202561777831e-02 9.961962215304238644e-01 2.268939463198500067e-02 9.391502477228641510e-03 9.287785667306924786e-01 -8.664651617993016086e-02 3.603647530149995948e-01 2.777183651924133301e-01
3.696657457749130682e-01 -7.096743264972400766e-03 -9.291377038069806860e-01 -2.527941763401031494e-02 7.804432574309527748e-02 9.966743406113051096e-01 2.343804570193340833e-02 9.756361134350299835e-03 9.258813744859452077e-01 -8.117816826001528208e-02 3.689902239598844558e-01 2.752764225006103516e-01
3.802366103058327229e-01 -1.059185308043635726e-02 -9.248285964606917098e-01 -3.815039247274398804e-02 8.569162022172097104e-02 9.960368256982697899e-01 2.382410704917919259e-02 8.414633572101593018e-03 9.209109980920560101e-01 -8.830885856604001050e-02 3.796372993949046482e-01 2.783198952674865723e-01
3.463555363429306477e-01 -5.315427168935855928e-03 -9.380882627336366575e-01 -5.065888911485671997e-02 8.282550938955132724e-02 9.962520578748184086e-01 2.493535992422952347e-02 8.921466767787933350e-03 9.344398201269903392e-01 -8.633413817373325472e-02 3.454976688008712937e-01 2.880890965461730957e-01
2.846642209869310602e-01 -3.288819699425182819e-03 -9.586216484906275870e-01 -5.733735859394073486e-02 7.930699518708181350e-02 9.966469489519773628e-01 2.013106204626709944e-02 1.033797487616539001e-02 9.553411337340709242e-01 -8.175599555811882690e-02 2.839705537304897387e-01 2.921328246593475342e-01
2.681947981558635563e-01 -2.141480671121291646e-03 -9.633623224429480603e-01 -6.234586238861083984e-02 8.074081045591346983e-02 9.965291510550275955e-01 2.026259175101516319e-02 9.668964892625808716e-03 9.599752453938891206e-01 -8.321697638151284715e-02 2.674368394085991918e-01 2.927383482456207275e-01
2.711977716361416713e-01 -2.535132603712644817e-03 -9.625203071947485700e-01 -7.256835699081420898e-02 8.582904602544363937e-02 9.960765847429553510e-01 2.155950336098300113e-02 8.725566789507865906e-03 9.586892841363952034e-01 -8.845908901572270555e-02 2.703513381741525778e-01 2.955786585807800293e-01
1.999299514102245712e-01 -1.010043753388249754e-03 -9.798096725082483527e-01 -9.028895199298858643e-02 8.905522415009550774e-02 9.958791156237760678e-01 1.714509014213492361e-02 9.998151101171970367e-03 9.757546728459367547e-01 -9.068498704869470961e-02 1.991960128699783450e-01 3.010650575160980225e-01
2.060101936309018666e-01 -9.524896323972048551e-04 -9.785493819341252175e-01 -1.038317158818244934e-01 8.598626307517487355e-02 9.961490009173074034e-01 1.713273281812413562e-02 1.011169701814651489e-02 9.747646704115434657e-01 -8.767132219232572077e-02 2.052987495883116242e-01 3.036677837371826172e-01
2.088174441272144244e-01 2.357444160691529733e-03 -9.779517971174280788e-01 -1.009024754166603088e-01 9.064274619388608401e-02 9.956458352419308433e-01 2.175461624181915243e-02 8.059578016400337219e-03 9.737449191603562149e-01 -9.318697989755485300e-02 2.076945333584018227e-01 3.026924729347229004e-01
2.112770899642776867e-01 2.013581051452328907e-03 -9.774241334996675024e-01 -9.142446517944335938e-02 8.866257715018301122e-02 9.958357321625602721e-01 2.121654923274173682e-02 8.906609378755092621e-03 9.733965988585097096e-01 -9.114351342584253723e-02 2.102187462884290703e-01 3.008015155792236328e-01
1.940161147349337145e-01 3.024723134352765019e-03 -9.809936790179240029e-01 -1.072034165263175964e-01 8.999351794754589795e-02 9.957236903677951778e-01 2.086861681482446440e-02 8.574686944484710693e-03 9.768617680872692111e-01 -9.233192021343296363e-02 1.929142362790120524e-01 3.011771142482757568e-01
1.600112817734131720e-01 6.087081650289268009e-03 -9.870964173484840787e-01 -1.146241128444671631e-01 8.651565544690534293e-02 9.960463567490971393e-01 2.016671935250621828e-02 9.471958503127098083e-03 9.833165467273609073e-01 -8.862619614895532461e-02 1.588520263904278362e-01 3.041349649429321289e-01
1.607037402029496964e-01 5.224702734802917636e-03 -9.869888603049760123e-01 -1.168656721711158752e-01 8.814611157099885852e-02 9.959142321566741840e-01 1.962409750014731252e-02 9.837358258664608002e-03 9.830587830336982025e-01 -9.015289606615645157e-02 1.595866047987390957e-01 3.044879436492919922e-01
1.633325896981508152e-01 5.083187111450941653e-03 -9.865579690779884281e-01 -1.201614290475845337e-01 9.215400858783187599e-02 9.955360557053207771e-01 2.038628195346552097e-02 8.301090449094772339e-03 9.822576565462286524e-01 -9.424501578058314122e-02 1.621350460475103894e-01 3.053687214851379395e-01
1.652837390353360525e-01 4.106660528478495165e-03 -9.862375073732507769e-01 -1.296934485435485840e-01 8.751709107609144389e-02 9.959853324783367601e-01 1.881425676438234357e-02 9.674026630818843842e-03 9.823553554493802409e-01 -8.942232846063016827e-02 1.642607767928824236e-01 3.066672086715698242e-01
1.657566747267796292e-01 4.625677216029341898e-03 -9.861558334735001097e-01 -1.280840933322906494e-01 8.671242134767394305e-02 9.960474428356955734e-01 1.924701546980938510e-02 9.859536774456501007e-03 9.823470266497191794e-01 -8.870228142931121940e-02 1.647004083227823212e-01 3.060073852539062500e-01
1.648670255218359360e-01 4.496619724601420842e-03 -9.863055532169706652e-01 -1.385617852210998535e-01 9.068532659478328872e-02 9.956847697811219700e-01 1.969798889002837700e-02 9.312807582318782806e-03 9.821379920540593833e-01 -9.269099005279055059e-02 1.637478089229095213e-01 3.075436949729919434e-01
1.610587153087482681e-01 3.524129528828863489e-03 -9.869385344256043080e-01 -1.423151493072509766e-01 9.195512514488662914e-02 9.955901450073535441e-01 1.856119941773629739e-02 1.012386661022901535e-02 9.826516906730908829e-01 -9.374349937622755702e-02 1.600244079570845024e-01 3.094568848609924316e-01
1.630091513548589666e-01 9.968822321937201303e-04 -9.866240534268276852e-01 -1.455965191125869751e-01 9.119874358812080084e-02 9.957029783632118658e-01 1.607383111076539361e-02 8.971611969172954559e-03 9.824005322385146455e-01 -9.259905563473286305e-02 1.622177830974113055e-01 3.090383410453796387e-01
1.602823459329657252e-01 8.577396159765021677e-04 -9.870708352823400755e-01 -1.494474411010742188e-01 9.462279003922514919e-02 9.953808895788780475e-01 1.622998047916676678e-02 1.045248843729496002e-02 9.825253671979252701e-01 -9.600077574641052713e-02 1.594608223629540023e-01 3.123354315757751465e-01
1.620830255516278184e-01 1.351733616853895148e-03 -9.867761983571855522e-01 -1.528641283512115479e-01 9.169642019109362774e-02 9.956515302018299485e-01 1.642549636670980612e-02 9.324608370661735535e-03 9.825074347566887800e-01 -9.314613906643401386e-02 1.612542632765030515e-01 3.115592598915100098e-01
1.783346502531223121e-01 1.208050223812727475e-03 -9.839691525315990006e-01 -1.616270840167999268e-01 9.143825251298759449e-02 9.956517441889819464e-01 1.779466973026378601e-02 9.117100387811660767e-03 9.797120998009913873e-01 -9.314582603689117168e-02 1.774487435724398932e-01 3.133376240730285645e-01
1.983436546726767002e-01 -1.001961941513029863e-06 -9.801325393282697140e-01 -1.578920185565948486e-01 8.928619677933881393e-02 9.958421298489650297e-01 1.806730424158791565e-02 9.330950677394866943e-03 9.760572573961875387e-01 -9.109584192965661242e-02 1.975190569726370526e-01 3.107725977897644043e-01
1.952291574750933956e-01 -8.824538482361810043e-05 -9.807576501278574277e-01 -1.687819957733154297e-01 9.269164102881559397e-02 9.955255456534044534e-01 1.836158040247135720e-02 8.415902033448219299e-03 9.763676744725575674e-01 -9.449275191380177019e-02 1.943637931323792811e-01 3.125053048133850098e-01
1.916204301115807807e-01 3.192367209358532021e-03 -9.814639165835153944e-01 -1.808325946331024170e-01 9.040800923692836333e-02 9.956856967937152136e-01 2.088983164674391990e-02 5.881566088646650314e-03 9.772962716749044043e-01 -9.273511736130191085e-02 1.905051059114093448e-01 3.182798027992248535e-01
1.960849767360203222e-01 9.087014092287876155e-04 -9.805864858135580064e-01 -1.665339767932891846e-01 9.267845578235921200e-02 9.955060022125447050e-01 1.945516364861233499e-02 7.533201016485691071e-03 9.761974112505276135e-01 -9.469410657768445594e-02 1.951195542410408823e-01 3.123366236686706543e-01
1.973286769687133402e-01 -3.802294465807314061e-03 -9.803300137211817811e-01 -1.902119517326354980e-01 9.314284043717754868e-02 9.955414512983947750e-01 1.488724359914721240e-02 1.067258417606353760e-02 9.759025589274125112e-01 -9.424840212693878783e-02 1.968030339589488253e-01 3.177532851696014404e-01
1.929939837538383607e-01 -9.037011024441155005e-04 -9.811995238274122677e-01 -2.245587259531021118e-01 9.106786395521107580e-02 9.956996562726104782e-01 1.699525384454340926e-02 8.282149210572242737e-03 9.769646699801679546e-01 -9.263572649319884444e-02 1.922463414154321759e-01 3.240848183631896973e-01
1.955563958248036083e-01 -3.496711533997859389e-03 -9.806862235498471358e-01 -2.440167069435119629e-01 9.148112914539537066e-02 9.956984251805089947e-01 1.469180395110585707e-02 9.709542617201805115e-03 9.764163553844723564e-01 -9.258735929651651375e-02 1.950350784761590850e-01 3.260154724121093750e-01
1.912346766712666735e-01 -2.492908214177032289e-03 -9.815411778662530562e-01 -2.268004566431045532e-01 9.154416247351954139e-02 9.956833671775934258e-01 1.530681687717860839e-02 9.582326747477054596e-03 9.772660665118060308e-01 -9.278155923741156219e-02 1.906373979837553412e-01 3.244692087173461914e-01
1.943084275212811907e-01 -3.856517963708866459e-03 -9.809329040578680381e-01 -2.119850665330886841e-01 9.313753032276715638e-02 9.955471501837822590e-01 1.453520575448908475e-02 9.502127766609191895e-03 9.765089018742136862e-01 -9.418598107014278242e-02 1.938023878342887141e-01 3.195866644382476807e-01
2.004187271096584955e-01 -2.718563718801560170e-03 -9.797065597591204655e-01 -2.353033125400543213e-01 8.984888808885455047e-02 9.958329598099489033e-01 1.561708888855672245e-02 8.081866428256034851e-03 9.755816270989018379e-01 -9.115550212391684837e-02 1.998278341462866869e-01 3.223765790462493896e-01
1.893418439060434166e-01 -4.294160055037313239e-03 -9.819018414972452424e-01 -3.986724615097045898e-01 9.157032014628836702e-02 9.957097486291393018e-01 1.330311817591912915e-02 1.013193465769290924e-02 9.776321100570325440e-01 -9.243190290326136482e-02 1.889227374116634328e-01 3.525490462779998779e-01
1.861406976449314910e-01 -3.175900345351881371e-03 -9.825179664195737850e-01 -4.091794490814208984e-01 9.109874850076069008e-02 9.957428830848629175e-01 1.404025667287384788e-02 1.139105856418609619e-02 9.782906821092867133e-01 -9.211962029253822903e-02 1.856375954792165439e-01 3.550172448158264160e-01
1.884538012267311657e-01 -4.197421009829199745e-03 -9.820730861092069608e-01 -4.163961410522460938e-01 9.496545687791012325e-02 9.953825543627775607e-01 1.396898243258658245e-02 1.088316179811954498e-02 9.774797833219700527e-01 -9.589552714855038851e-02 1.879822360483461852e-01 3.542551994323730469e-01
1.907225656881404718e-01 -2.678185245662136060e-03 -9.816403263217761133e-01 -4.239500164985656738e-01 9.645417140906631381e-02 9.952084189482052201e-01 1.602484547208646304e-02 1.142318733036518097e-02 9.768937996297875070e-01 -9.773960394028467780e-02 1.900670251949898582e-01 3.571551442146301270e-01
1.883771056236523411e-01 -2.012526998546849966e-03 -9.820947081681764557e-01 -4.379142522811889648e-01 9.654421683214889360e-02 9.951922724279980148e-01 1.647892884457393542e-02 1.112571265548467636e-02 9.773399000721921803e-01 -9.791981737461336044e-02 1.876657376619398354e-01 3.601033687591552734e-01
1.909264147291489522e-01 -1.031938053644279596e-03 -9.816038097229076165e-01 -4.339624047279357910e-01 9.598116467170353383e-02 9.952271414245541514e-01 1.762251401400311696e-02 1.095625571906566620e-02 9.769005682191693740e-01 -9.758008032259374298e-02 1.901141965695876124e-01 3.581626117229461670e-01
1.905649364804564705e-01 -2.144038235257564318e-03 -9.816722508476266595e-01 -4.473985731601715088e-01 9.586250892598729978e-02 9.952588897141676494e-01 1.643538339489553773e-02 1.055266428738832474e-02 9.769827963514069458e-01 -9.723757270195484970e-02 1.898669799844550088e-01 3.618481159210205078e-01
1.923962636660460357e-01 -7.564199990037143162e-04 -9.813170260196907302e-01 -4.654483795166015625e-01 9.187831835859100460e-02 9.956208841881821758e-01 1.724614693024505152e-02 9.981211274862289429e-03 9.770066797841981954e-01 -9.347985235935767079e-02 1.916232367431726091e-01 3.655583262443542480e-01
1.928364080186427965e-01 -1.015635110590100421e-03 -9.812303950794581953e-01 -5.052440166473388672e-01 9.134689080180791176e-02 9.956753550970331990e-01 1.692137090307061636e-02 1.065043825656175613e-02 9.769697361143333536e-01 -9.289540213443742145e-02 1.920952341391400919e-01 3.714082241058349609e-01
1.907544695998884821e-01 -2.096398186160891575e-03 -9.816355420635043405e-01 -5.017084479331970215e-01 9.350857856686149716e-02 9.954891798162750494e-01 1.604489336596636589e-02 1.107839122414588928e-02 9.771739241619528116e-01 -9.485197933288055938e-02 1.900900417027796552e-01 3.689458668231964111e-01
1.893232403095229943e-01 -2.562866518008938277e-03 -9.819114738070402471e-01 -4.973257184028625488e-01 9.471939662898834489e-02 9.953807545306615490e-01 1.566491022033680153e-02 1.225164067000150681e-02 9.773356366064542833e-01 -9.597179390415544464e-02 1.886914629597091775e-01 3.707991540431976318e-01
1.897491939095442004e-01 -2.132288741069042481e-03 -9.818302789970386746e-01 -4.885689616203308105e-01 9.574996839127505877e-02 9.952712406842314508e-01 1.634322550602086005e-02 1.133685465902090073e-02 9.771525914429884940e-01 -9.711133204521260609e-02 1.890560822207433267e-01 3.697847127914428711e-01
1.878313261926665700e-01 -9.291220303891123411e-04 -9.822008601263578775e-01 -5.024870634078979492e-01 9.651075695375241348e-02 9.951778252064683583e-01 1.751485111376737541e-02 1.170439179986715317e-02 9.774482424624426624e-01 -9.808278620418750537e-02 1.870152409765198920e-01 3.728660345077514648e-01
1.883773485237902334e-01 -1.223011033069605624e-03 -9.820959621173276366e-01 -5.042525529861450195e-01 9.575206858586854386e-02 9.952578605114763555e-01 1.712695103180741918e-02 1.148881483823060989e-02 9.774177796237767391e-01 -9.726404954623159294e-02 1.876011426969319551e-01 3.735028207302093506e-01
1.901718058614293438e-01 -1.412324529937995787e-03 -9.817498100813795148e-01 -5.138363838195800781e-01 9.469873050678717652e-02 9.953623149891793753e-01 1.691189935473393080e-02 1.249820087105035782e-02 9.771728786124824762e-01 -9.618662713082255789e-02 1.894235942679538542e-01 3.733807504177093506e-01
1.882271797921716006e-01 -1.433973462731594206e-03 -9.821244689486122725e-01 -5.224511027336120605e-01 9.323833083334122362e-02 9.955084790945208928e-01 1.641589821868803811e-02 1.182898506522178650e-02 9.776896964021345449e-01 -9.466156438080924884e-02 1.875154547712800657e-01 3.764375448226928711e-01
1.900351207301073098e-01 -7.231500569087820351e-04 -9.817770265916231365e-01 -5.362043976783752441e-01 9.131154264130877940e-02 9.956782620765183278e-01 1.694109231273379507e-02 1.095972862094640732e-02 9.775217926315290518e-01 -9.286697735082860561e-02 1.892798706893120686e-01 3.772996962070465088e-01
1.895889670911283242e-01 -3.581488616478452347e-03 -9.818570142829399217e-01 -6.139039993286132812e-01 9.468472673054662003e-02 9.953994783300641469e-01 1.465199864174595440e-02 1.274452451616525650e-02 9.772874838456087065e-01 -9.574472037415979186e-02 1.890558712105846473e-01 3.924140930175781250e-01
1.884839597767305197e-01 -1.838092467455081092e-03 -9.820745482512847069e-01 -7.038331031799316406e-01 9.154650175208109419e-02 9.956769283105763035e-01 1.570644603249238963e-02 1.493740640580654144e-02 9.778000996746931683e-01 -9.286590249438417266e-02 1.878374010416016260e-01 4.071354269981384277e-01
1.864471473574806359e-01 -1.332386591358016015e-03 -9.824640889051514669e-01 -7.463130354881286621e-01 9.162923403778339138e-02 9.956640221994600415e-01 1.603865228883779442e-02 1.570824719965457916e-02 9.781827767405779639e-01 -9.301279290272007616e-02 1.857608022283729898e-01 4.148048758506774902e-01
1.863149356292848613e-01 5.858251786065513111e-04 -9.824898989660483251e-01 -7.638559341430664062e-01 9.069506117819484126e-02 9.957197523357970148e-01 1.779271441412317439e-02 1.716710813343524933e-02 9.782950222909955196e-01 -9.242202993442183434e-02 1.854643301108380715e-01 4.177367091178894043e-01
1.841692997970444667e-01 2.173428838845428701e-03 -9.828921330539527323e-01 -7.640959620475769043e-01 8.947358920584472242e-02 9.958085790876191057e-01 1.896709387652024958e-02 1.601780205965042114e-02 9.788136420416760908e-01 -9.143604334494936925e-02 1.832029042633616100e-01 4.174906611442565918e-01
1.871923565805951040e-01 2.406671987280256664e-03 -9.823203294077492709e-01 -7.868264913558959961e-01 8.920644363459463710e-02 9.958234448545043582e-01 1.943906099006914578e-02 1.772934943437576294e-02 9.782643978249802030e-01 -9.126814673287378388e-02 1.861958467315406596e-01 4.221567511558532715e-01
2.053361062646765489e-01 2.349348880547684482e-03 -9.786886961766234627e-01 -7.917851209640502930e-01 8.878313644381469194e-02 9.958292045315106922e-01 2.101785158710871987e-02 1.605845987796783447e-02 9.746561640636459689e-01 -9.120677585561401401e-02 2.042711088009347975e-01 4.221655726432800293e-01
2.025689326064524787e-01 1.034198270907005224e-03 -9.792674598783617235e-01 -8.326382040977478027e-01 8.835968024270927923e-02 9.959010653731514839e-01 1.932963776246342247e-02 1.786818914115428925e-02 9.752734972560714866e-01 -9.044334371615378454e-02 2.016472343657432775e-01 4.301130175590515137e-01
2.040623016462007888e-01 2.109116555306267404e-03 -9.789556316167813410e-01 -8.727077245712280273e-01 8.881447100714527643e-02 9.958339244736007512e-01 2.065876586893934663e-02 1.948445476591587067e-02 9.749208002635783021e-01 -9.116110187389594999e-02 2.030248426142998719e-01 4.357118606567382812e-01
2.021127966081595340e-01 2.465764086345835493e-03 -9.793591463067565783e-01 -8.871573209762573242e-01 8.940463743964852106e-02 9.957748658147650422e-01 2.095775312078301117e-02 1.903320103883743286e-02 9.752728993730490625e-01 -9.179507949262410982e-02 2.010383921777855187e-01 4.406626224517822266e-01
2.036886723325948834e-01 4.198350772732395431e-03 -9.790267098573837146e-01 -8.611627221107482910e-01 8.847484984144723952e-02 9.958202249399189521e-01 2.267775443342433944e-02 1.710879243910312653e-02 9.750298076002179570e-01 -9.123844283742699179e-02 2.024658510457588712e-01 4.352677464485168457e-01
2.030724659094857998e-01 4.059984933735209800e-03 -9.791552941754327888e-01 -8.887881040573120117e-01 9.109997700050312397e-02 9.955756077970580042e-01 2.302180162424894566e-02 1.599288545548915863e-02 9.749165952941555302e-01 -9.387611880481805393e-02 2.018041291405979765e-01 4.404264092445373535e-01
2.017146998506301192e-01 4.216751757942366341e-03 -9.794352448573523384e-01 -8.966820240020751953e-01 8.782680372190677931e-02 9.958844257654866361e-01 2.237550146344841756e-02 1.774920150637626648e-02 9.754986583343737694e-01 -9.053413457011122434e-02 2.005141842002134966e-01 4.406793713569641113e-01
2.018810150542316439e-01 3.034849328935752821e-03 -9.794053529822185356e-01 -9.052572250366210938e-01 8.913701771993853828e-02 9.957881802465723409e-01 2.145908090332163121e-02 1.790000870823860168e-02 9.753453992471942113e-01 -9.163345333867210785e-02 2.007602111887735186e-01 4.441517591476440430e-01
2.004017132964802383e-01 1.850549312962614101e-03 -9.797120642183986261e-01 -9.117082357406616211e-01 8.977284276809277541e-02 9.957565041900958702e-01 2.024403775077643353e-02 1.785237900912761688e-02 9.755921227691265463e-01 -9.200847694837613333e-02 1.993851803933017752e-01 4.470241069793701172e-01
2.017434269483520670e-01 -4.248173110123903973e-05 -9.794384043309906085e-01 -9.338494539260864258e-01 9.235213296950420259e-02 9.955455119167074818e-01 1.897938983433955507e-02 1.854359917342662811e-02 9.750747013532438112e-01 -9.428219289878307652e-02 2.008486865356075013e-01 4.493356347084045410e-01
2.013586031288946698e-01 1.475344050297838772e-03 -9.795164808750863594e-01 -9.392656087875366211e-01 9.193331517103305039e-02 9.955562163343928406e-01 2.039817834050473150e-02 1.665537059307098389e-02 9.751938158682321722e-01 -9.415754604852860643e-02 2.003281757878192515e-01 4.511885643005371094e-01
2.032701988175207586e-01 1.252940143356091884e-03 -9.791218802650070163e-01 -9.799020290374755859e-01 9.066437587326861558e-02 9.956787147073017374e-01 2.009646800625271290e-02 1.823521032929420471e-02 9.749159949555634697e-01 -9.285648722524904308e-02 2.022782132608228478e-01 4.557462930679321289e-01
1.960911997602707846e-01 -1.599399803041558210e-03 -9.805843580726991693e-01 -9.950453042984008789e-01 9.220459268953351550e-02 9.955981025310590704e-01 1.681461636529448661e-02 1.696152053773403168e-02 9.762410329747130966e-01 -9.371157963040019356e-02 1.953754984117516136e-01 4.584520459175109863e-01
1.979452359815047358e-01 -1.728663556228672571e-03 -9.802115563869545634e-01 -9.932215213775634766e-01 8.977688978902323425e-02 9.958273041958888294e-01 1.637346260747111343e-02 1.737744174897670746e-02 9.760931275303786903e-01 -9.124139378734874573e-02 1.972744647634507853e-01 4.603415727615356445e-01
1.980689205446135026e-01 2.027726134305046779e-05 -9.801880953690084164e-01 -9.682188034057617188e-01 9.076487551353720762e-02 9.957030613699577870e-01 1.836167071663159789e-02 1.643128506839275360e-02 9.759766596017057649e-01 -9.260352675425803648e-02 1.972159900854130177e-01 4.563443660736083984e-01
